    #self.edges = [(12,12,35,36),()] 
        self.edges = [(210,400,210,260),(210,260,230,200),(230,200,250,180),(250,180,310,150),
                      (310,150,590,150),(590,150,650,180),(650,180,670,200),(670,200,700,260),
                      (700,260,700,350),(700,350,730,370),(730,370,780,370),(780,370,800,350),
                      (800,350,800,260),(800,260,830,200),(830,200,850,180),(850,180,910,150),
                      (910,150,1040,150),(1040,150,1100,180),(1100,180,1120,200),(1120,200,1150,260),
                      (1150,260,1150,520),(1150,520,1100,600),(1100,600,1000,630),(1000,630,900,630),
                      (900,630,700,590),(700,590,400,590),(400,590,370,650),(370,650,350,670),
                      (350,670,290,700),(290,700,210,700),(210,700,150,670),(150,670,130,650),
                      (130,650,100,590),(100,590,100,510),(100,510,130,450),(130,450,150,430),
                      (150,430,210,400),(400,510,320,510),(320,510,320,590),(320,590,290,620),
                      (290,620,210,620),(210,620,180,590),(180,590,180,510),(180,510,210,480),
                      (210,480,290,480),(290,480,290,400),(400,510,700,510),(700,510,830,500),
                      (830,500,930,430),(930,430,930,250),(930,250,900,250),(900,250,880,270),
                      (880,270,880,350),(880,350,840,420),(840,420,800,450),(800,450,700,450),
                      (700,450,650,430),(650,430,620,390),(620,390,620,270),(620,270,590,230),
                      (590,230,310,230),(310,230,290,270),(290,270,290,400),(1000,230,1000,480),
                      (1000,480,970,510),(970,510,890,550),(890,550,1010,550),(1010,550,1070,490),
                      (1070,490,1070,250),(1070,250,1030,220),(1030,220,1000,230)]

        #self.edges = [(400,400,600,400)]
                      
        
        #self.gates = [[(210,400,210,260)],[(210,400,210,260)],[(210,400,210,260),(210,400,210,260)],[]]
        self.gates = [[(290,270,210,270)],[(320,230,320,150)],[(460,230,460,150)],[(580,230,580,150)],
                      [(610,250,680,220)],[(620,330,700,330)],[(680,440,730,370)],[(810,440,780,370)],
                      [(880,350,800,350)],[(880,270,800,270)],[(900,250,900,150)],[(930,250,1000,230),(1000,230,1000,150)],
                      [(930,300,1000,300),(1050,240,1120,200)],[(930,350,1000,350),(1070,320,1150,320)],[(930,400,1000,400),(1070,440,1150,440)],[(930,430,1000,470),(1030,550,1100,600)],
                      [(900,450,950,510),(970,550,970,630)],[(830,500,830,620)],[(700,510,700,590)],[(560,510,560,590)],
                      [(400,510,400,590)],[(400,590,320,590)],[(290,700,290,620)],[(200,700,200,620)],
                      [(180,590,100,590)],[(180,510,100,510)],[(210,400,210,480)],[(210,400,290,400)]]
        self.startGate = ()